1,2,3,4,5,6,7,8,yuyu
-0.007,0.819,1.749,2.465,3.366,4.075,4.789,5.570,6.288
0.022,0.801,1.694,2.575,3.282,4.090,4.808,5.538,6.244
0.013,0.850,1.666,2.537,3.308,4.138,4.840,5.581,6.197
-0.056,0.883,1.676,2.478,3.300,4.107,4.888,5.580,6.252
0.024,0.850,1.695,2.493,3.315,4.120,4.878,5.542,6.233
-0.029,0.796,1.720,2.545,3.435,4.059,4.878,5.558,6.204
-0.005,0.803,1.647,2.512,3.302,4.150,4.897,5.553,6.213
0.044,0.870,1.658,2.448,3.266,4.083,4.852,5.537,6.230
-0.016,0.839,1.636,2.492,3.268,4.138,4.877,5.558,6.217
0.006,0.845,1.612,2.487,3.301,4.105,4.758,5.590,6.227
0.018,0.830,1.694,2.541,3.329,4.096,4.867,5.586,6.223
0.003,0.878,1.688,2.528,3.299,4.134,4.900,5.582,6.243
-0.012,0.813,1.724,2.550,3.376,4.139,4.907,5.511,6.280
-0.028,0.907,1.705,2.483,3.356,4.122,4.802,5.520,6.212
-0.016,0.851,1.652,2.459,3.258,4.054,4.856,5.616,6.197
0.012,0.889,1.655,2.535,3.304,4.158,4.875,5.500,6.244
0.011,0.841,1.609,2.507,3.311,4.095,4.857,5.591,6.296
0.015,0.893,1.701,2.527,3.289,4.174,4.803,5.603,6.267
0.057,0.846,1.666,2.530,3.242,4.065,4.802,5.511,6.248
0.031,0.843,1.717,2.564,3.318,4.097,4.842,5.509,6.207
-0.093,0.833,1.678,2.487,3.296,4.130,4.895,5.626,6.263
-0.010,0.893,1.715,2.506,3.214,4.182,4.788,5.542,6.214
0.009,0.851,1.721,2.544,3.302,4.091,4.852,5.615,6.225
-0.007,0.788,1.704,2.531,3.389,4.038,4.869,5.639,6.247
0.024,0.879,1.668,2.496,3.333,4.132,4.856,5.551,6.224
0.032,0.770,1.713,2.504,3.367,4.103,4.845,5.623,6.272
0.003,0.861,1.664,2.531,3.284,4.080,4.839,5.603,6.339
-0.061,0.886,1.683,2.500,3.372,4.106,4.890,5.527,6.179
0.040,0.851,1.671,2.456,3.273,4.078,4.839,5.578,6.218
0.006,0.841,1.723,2.563,3.303,4.180,4.821,5.505,6.254
-0.007,0.872,1.650,2.522,3.248,4.072,4.815,5.673,6.239
0.046,0.899,1.666,2.477,3.323,4.153,4.906,5.544,6.222
0.042,0.824,1.665,2.563,3.358,4.008,4.789,5.598,6.244
0.086,0.865,1.681,2.520,3.384,4.112,4.889,5.541,6.168
-0.038,0.873,1.667,2.576,3.307,4.104,4.916,5.593,6.298
0.003,0.858,1.673,2.465,3.272,4.065,4.818,5.599,6.239
0.010,0.879,1.668,2.516,3.353,4.009,4.799,5.609,6.266
-0.005,0.940,1.660,2.511,3.394,4.090,4.834,5.485,6.264
0.010,0.811,1.664,2.527,3.336,4.186,4.807,5.542,6.202
0.073,0.897,1.744,2.506,3.313,4.051,4.940,5.468,6.228
-0.008,0.880,1.686,2.502,3.390,4.114,4.898,5.604,6.223
0.001,0.826,1.738,2.492,3.354,4.080,4.812,5.595,6.209
0.005,0.837,1.718,2.531,3.361,4.144,4.851,5.549,6.163
-0.087,0.869,1.726,2.494,3.298,4.164,4.891,5.583,6.217
-0.000,0.859,1.647,2.549,3.240,4.077,4.784,5.593,6.197
-0.001,0.860,1.709,2.572,3.353,4.105,4.904,5.535,6.175
-0.035,0.881,1.670,2.491,3.394,4.078,4.783,5.558,6.236
-0.056,0.844,1.758,2.558,3.333,4.073,4.903,5.550,6.210
-0.008,0.861,1.675,2.428,3.356,4.101,4.853,5.530,6.249
0.015,0.873,1.671,2.567,3.275,4.081,4.786,5.617,6.204
0.027,0.838,1.688,2.502,3.320,4.148,4.829,5.594,6.332
0.072,0.801,1.699,2.536,3.338,4.116,4.885,5.606,6.185
0.024,0.885,1.718,2.511,3.309,4.073,4.800,5.554,6.228
0.008,0.804,1.768,2.527,3.364,4.102,4.883,5.557,6.277
0.006,0.763,1.668,2.384,3.340,4.097,4.936,5.537,6.264
0.031,0.845,1.681,2.471,3.347,4.093,4.873,5.586,6.217
0.032,0.849,1.686,2.579,3.365,3.954,4.810,5.574,6.220
0.060,0.801,1.655,2.500,3.342,4.093,4.856,5.523,6.296
0.053,0.898,1.690,2.509,3.342,4.184,4.825,5.639,6.123
0.022,0.833,1.737,2.500,3.391,4.090,4.796,5.520,6.284
0.047,0.834,1.684,2.543,3.275,4.104,4.799,5.533,6.209
0.029,0.893,1.704,2.494,3.315,4.064,4.875,5.620,6.303
-0.050,0.853,1.725,2.485,3.287,4.098,4.821,5.567,6.224
-0.000,0.829,1.730,2.580,3.319,4.149,4.897,5.557,6.201
0.012,0.858,1.701,2.505,3.358,4.103,4.818,5.559,6.262
0.009,0.871,1.693,2.467,3.365,4.108,4.836,5.577,6.228
-0.013,0.824,1.622,2.491,3.332,4.139,4.877,5.538,6.262
0.038,0.900,1.671,2.546,3.334,4.128,4.842,5.621,6.175
-0.045,0.864,1.698,2.471,3.334,4.069,4.859,5.610,6.266
0.040,0.773,1.657,2.474,3.324,4.091,4.885,5.500,6.297
0.007,0.903,1.702,2.501,3.368,4.112,4.779,5.560,6.303
0.011,0.933,1.683,2.492,3.322,4.136,4.837,5.561,6.227
-0.004,0.875,1.731,2.527,3.358,4.110,4.868,5.531,6.279
0.003,0.825,1.761,2.483,3.344,4.097,4.840,5.574,6.195
0.001,0.880,1.768,2.530,3.262,4.132,4.857,5.590,6.296
0.035,0.829,1.726,2.518,3.329,4.132,4.800,5.569,6.317
0.026,0.847,1.739,2.561,3.309,4.099,4.840,5.587,6.237
-0.028,0.848,1.659,2.437,3.314,4.111,4.854,5.622,6.175
0.071,0.834,1.699,2.471,3.309,4.117,4.908,5.566,6.111
-0.034,0.816,1.671,2.538,3.377,4.159,4.895,5.568,6.271
0.000,0.872,1.649,2.494,3.291,4.123,4.846,5.613,6.286
0.014,0.813,1.718,2.484,3.388,4.072,4.856,5.553,6.247
0.058,0.904,1.672,2.496,3.312,4.121,4.910,5.644,6.218
-0.008,0.917,1.688,2.545,3.272,4.121,4.876,5.560,6.246
0.008,0.754,1.781,2.555,3.418,4.080,4.879,5.580,6.139
-0.007,0.830,1.653,2.479,3.353,4.069,4.892,5.582,6.194
-0.011,0.918,1.643,2.555,3.370,4.086,4.773,5.543,6.268
0.031,0.896,1.747,2.520,3.315,4.101,4.857,5.590,6.238
-0.037,0.809,1.715,2.559,3.320,4.114,4.857,5.521,6.248
0.028,0.745,1.723,2.488,3.358,4.076,4.872,5.501,6.319
0.083,0.816,1.742,2.462,3.364,4.064,4.807,5.592,6.248
0.012,0.907,1.698,2.533,3.285,4.095,4.927,5.630,6.309
-0.005,0.912,1.650,2.570,3.247,4.074,4.849,5.561,6.221
0.088,0.824,1.628,2.558,3.352,4.119,4.848,5.598,6.315
-0.014,0.845,1.692,2.568,3.394,4.077,4.834,5.632,6.224
0.034,0.884,1.751,2.537,3.389,4.082,4.917,5.629,6.207
0.074,0.912,1.637,2.517,3.297,4.199,4.876,5.599,6.219
0.043,0.827,1.700,2.503,3.344,4.141,4.915,5.583,6.190
0.048,0.854,1.660,2.483,3.377,4.077,4.864,5.603,6.271
-0.002,0.940,1.695,2.571,3.312,4.098,4.882,5.525,6.279
-0.003,0.817,1.655,2.544,3.287,4.073,4.838,5.596,6.224
0.032,0.785,1.656,2.509,3.266,4.074,4.834,5.601,6.270
0.016,0.875,1.707,2.538,3.385,4.077,4.865,5.588,6.239
-0.020,0.790,1.681,2.502,3.318,4.105,4.798,5.529,6.202
0.027,0.877,1.691,2.486,3.365,4.089,4.835,5.619,6.225
0.000,0.885,1.693,2.492,3.344,4.128,4.886,5.613,6.206
0.011,0.815,1.675,2.502,3.339,4.107,4.849,5.557,6.226
0.032,0.926,1.707,2.519,3.298,4.062,4.886,5.573,6.252
0.046,0.845,1.657,2.603,3.367,4.078,4.901,5.553,6.274
0.016,0.951,1.662,2.567,3.312,4.086,4.840,5.562,6.298
0.030,0.883,1.663,2.474,3.286,4.082,4.874,5.595,6.232
-0.039,0.874,1.715,2.461,3.298,4.094,4.757,5.684,6.244
0.046,0.863,1.736,2.542,3.340,4.167,4.878,5.572,6.193
-0.047,0.845,1.743,2.487,3.377,4.124,4.833,5.597,6.230
0.056,0.895,1.641,2.595,3.325,4.142,4.949,5.614,6.291
-0.024,0.908,1.669,2.517,3.329,4.203,4.834,5.513,6.262
0.023,0.786,1.686,2.527,3.345,4.103,4.818,5.580,6.255
-0.043,0.817,1.712,2.533,3.345,4.081,4.852,5.641,6.245
-0.025,0.850,1.625,2.519,3.301,4.102,4.775,5.641,6.277
0.007,0.901,1.632,2.498,3.341,4.133,4.871,5.594,6.260
0.026,0.859,1.714,2.557,3.298,4.077,4.935,5.586,6.262
0.011,0.886,1.733,2.503,3.343,4.132,4.892,5.552,6.239
0.052,0.797,1.681,2.486,3.287,4.122,4.868,5.528,6.279
0.055,0.880,1.747,2.507,3.309,4.144,4.861,5.544,6.279
0.046,0.858,1.657,2.491,3.341,4.111,4.875,5.569,6.287
0.010,0.884,1.747,2.515,3.307,4.024,4.824,5.591,6.191
0.004,0.854,1.711,2.493,3.336,4.156,4.869,5.633,6.227
-0.007,0.884,1.629,2.503,3.304,4.110,4.880,5.619,6.232
0.038,0.864,1.713,2.447,3.256,4.134,4.839,5.524,6.234
0.014,0.897,1.635,2.534,3.287,4.049,4.921,5.507,6.209
0.046,0.800,1.670,2.547,3.409,4.145,4.903,5.512,6.208
0.066,0.845,1.690,2.531,3.382,4.122,4.856,5.609,6.209
0.046,0.906,1.742,2.511,3.324,4.110,4.845,5.600,6.216
0.024,0.942,1.741,2.514,3.316,4.103,4.823,5.658,6.215
0.027,0.898,1.738,2.591,3.350,4.035,4.852,5.611,6.207
0.001,0.851,1.721,2.523,3.281,4.101,4.854,5.583,6.290
-0.034,0.862,1.697,2.436,3.374,4.123,4.930,5.596,6.267
0.002,0.898,1.747,2.498,3.337,4.114,4.900,5.591,6.200
0.021,0.836,1.754,2.523,3.304,4.115,4.841,5.518,6.245
0.015,0.909,1.747,2.524,3.384,4.086,4.794,5.539,6.255
0.016,0.867,1.696,2.486,3.407,4.145,4.888,5.525,6.182
0.056,0.820,1.685,2.483,3.366,4.096,4.796,5.555,6.240
0.009,0.844,1.665,2.508,3.298,4.141,4.868,5.594,6.244
-0.012,0.805,1.709,2.559,3.363,4.074,4.825,5.536,6.201
0.083,0.845,1.657,2.493,3.421,4.173,4.917,5.567,6.246
0.045,0.832,1.704,2.500,3.384,4.124,4.888,5.585,6.240
0.015,0.878,1.801,2.508,3.331,4.124,4.880,5.577,6.280
-0.009,0.861,1.658,2.462,3.358,4.087,4.887,5.538,6.195
0.027,0.880,1.779,2.419,3.251,4.126,4.829,5.570,6.234
-0.023,0.874,1.636,2.503,3.326,4.181,4.921,5.520,6.277
0.032,0.868,1.692,2.488,3.344,4.049,4.877,5.617,6.183
-0.001,0.824,1.687,2.530,3.337,4.100,4.853,5.567,6.265
-0.002,0.877,1.699,2.538,3.368,4.124,4.894,5.609,6.265
0.090,0.953,1.734,2.511,3.367,4.042,4.887,5.643,6.231
0.005,0.822,1.647,2.512,3.337,4.096,4.891,5.634,6.263
0.024,0.949,1.697,2.451,3.405,4.151,4.925,5.611,6.225
-0.028,0.876,1.793,2.565,3.324,4.120,4.819,5.639,6.299
0.048,0.835,1.729,2.492,3.244,4.131,4.868,5.530,6.273
0.025,0.851,1.715,2.519,3.284,4.122,4.923,5.569,6.195
0.043,0.880,1.719,2.520,3.285,4.141,4.905,5.567,6.241
0.006,0.825,1.718,2.590,3.307,4.063,4.890,5.541,6.227
0.016,0.834,1.767,2.479,3.289,4.135,4.893,5.627,6.194
-0.010,0.904,1.638,2.587,3.371,4.086,4.797,5.526,6.256
-0.016,0.832,1.714,2.549,3.320,4.145,4.901,5.594,6.235
-0.050,0.864,1.751,2.500,3.309,4.090,4.916,5.558,6.265
0.012,0.839,1.681,2.642,3.310,4.057,4.839,5.574,6.260
0.062,0.844,1.681,2.482,3.276,4.077,4.899,5.538,6.266
0.038,0.891,1.743,2.534,3.318,4.168,4.855,5.647,6.242
0.067,0.834,1.693,2.529,3.293,4.093,4.840,5.586,6.251
0.005,0.810,1.755,2.489,3.354,4.089,4.776,5.530,6.325
0.058,0.860,1.747,2.558,3.333,4.193,4.877,5.555,6.321
-0.047,0.872,1.677,2.555,3.376,4.059,4.896,5.606,6.293
0.025,0.859,1.782,2.559,3.303,4.065,4.875,5.645,6.200
0.031,0.883,1.743,2.563,3.415,4.143,4.854,5.593,6.237
0.004,0.872,1.749,2.532,3.347,4.060,4.874,5.615,6.234
0.015,0.910,1.695,2.553,3.329,4.135,4.870,5.599,6.260
0.050,0.853,1.690,2.519,3.350,4.177,4.857,5.588,6.262
0.049,0.811,1.673,2.571,3.404,4.138,4.913,5.540,6.215
-0.004,0.827,1.683,2.560,3.296,4.221,4.867,5.611,6.214
0.037,0.900,1.668,2.550,3.301,4.048,4.898,5.564,6.194
0.016,0.891,1.738,2.522,3.344,4.153,4.806,5.570,6.167
0.051,0.854,1.709,2.502,3.386,4.104,4.872,5.629,6.290
0.098,0.855,1.710,2.545,3.317,4.052,4.941,5.581,6.223
0.035,0.819,1.656,2.547,3.362,4.217,4.848,5.621,6.252
-0.033,0.931,1.710,2.523,3.317,4.138,4.901,5.520,6.191
0.078,0.862,1.712,2.528,3.248,4.196,4.931,5.553,6.233
-0.060,0.957,1.716,2.559,3.301,4.143,4.891,5.538,6.258
-0.024,0.762,1.708,2.506,3.361,4.098,4.860,5.549,6.266
0.012,0.880,1.680,2.479,3.254,4.165,4.784,5.490,6.285
0.049,0.861,1.707,2.508,3.370,4.174,4.781,5.584,6.230
0.077,0.843,1.716,2.459,3.418,4.100,4.861,5.611,6.274
0.002,0.903,1.673,2.610,3.363,4.120,4.826,5.585,6.231
0.069,0.858,1.723,2.548,3.265,4.022,4.833,5.608,6.258
0.051,0.854,1.750,2.598,3.380,4.131,4.900,5.599,6.235
-0.001,0.841,1.663,2.505,3.324,4.087,4.856,5.638,6.263
0.021,0.789,1.721,2.495,3.366,4.114,4.851,5.622,6.236
0.033,0.817,1.725,2.559,3.329,4.077,4.945,5.641,6.250
0.052,0.843,1.764,2.463,3.307,4.092,4.863,5.642,6.225
-0.030,0.808,1.730,2.560,3.371,4.148,4.872,5.596,6.236
0.028,0.916,1.730,2.493,3.368,4.073,4.905,5.590,6.235
0.031,0.887,1.723,2.457,3.331,4.094,4.878,5.581,6.232
-0.021,0.808,1.727,2.576,3.330,4.090,4.886,5.508,6.250
0.003,0.920,1.668,2.474,3.367,4.075,4.939,5.655,6.333
-0.005,0.911,1.750,2.572,3.303,4.137,4.847,5.526,6.216
0.042,0.915,1.654,2.515,3.355,4.086,4.904,5.632,6.236
0.057,0.934,1.756,2.529,3.340,4.176,4.881,5.578,6.288
0.044,0.912,1.716,2.511,3.310,4.205,4.905,5.617,6.320
0.010,0.896,1.718,2.495,3.316,4.132,4.909,5.593,6.271
0.036,0.891,1.700,2.520,3.339,4.123,4.861,5.655,6.240
-0.037,0.875,1.666,2.511,3.346,4.051,4.832,5.599,6.214
0.024,0.838,1.692,2.588,3.400,4.080,4.830,5.619,6.270
-0.040,0.942,1.713,2.502,3.306,4.064,4.940,5.584,6.135
0.080,0.915,1.699,2.558,3.353,4.162,4.880,5.510,6.258
-0.002,0.883,1.736,2.488,3.340,4.095,4.867,5.600,6.251
-0.010,0.880,1.721,2.438,3.309,4.117,4.801,5.584,6.249
0.053,0.862,1.672,2.567,3.414,4.129,4.927,5.564,6.281
-0.008,0.874,1.733,2.564,3.292,4.067,4.875,5.580,6.311
0.067,0.829,1.677,2.609,3.282,4.066,4.858,5.574,6.184
0.006,0.849,1.718,2.589,3.299,4.117,4.968,5.563,6.263
0.032,0.862,1.764,2.452,3.325,4.106,4.860,5.620,6.189
0.042,0.876,1.723,2.555,3.368,4.162,4.844,5.626,6.183
0.042,0.848,1.693,2.496,3.293,4.070,4.908,5.534,6.240
0.007,0.925,1.698,2.511,3.404,4.128,4.846,5.511,6.224
0.018,0.930,1.685,2.582,3.356,4.114,4.896,5.633,6.231
-0.046,0.851,1.743,2.489,3.342,4.136,4.922,5.628,6.235
0.023,0.845,1.687,2.463,3.317,4.165,4.838,5.571,6.267
0.009,0.888,1.672,2.530,3.263,4.121,4.826,5.628,6.286
-0.005,0.872,1.754,2.539,3.306,4.154,4.929,5.533,6.207
-0.035,0.892,1.707,2.561,3.324,4.108,4.852,5.569,6.260
0.084,0.900,1.790,2.568,3.303,4.064,4.908,5.580,6.227
0.049,0.856,1.630,2.516,3.332,4.133,4.840,5.511,6.204
-0.031,0.813,1.726,2.453,3.399,4.150,4.808,5.553,6.207
0.004,0.880,1.741,2.539,3.275,4.103,4.905,5.660,6.274
0.071,0.867,1.770,2.482,3.324,4.092,4.915,5.548,6.211
0.032,0.755,1.741,2.473,3.373,4.188,4.893,5.573,6.249
0.019,0.851,1.680,2.564,3.401,4.084,4.839,5.559,6.230
0.063,0.830,1.659,2.492,3.381,4.032,4.900,5.568,6.197
0.046,0.858,1.619,2.521,3.316,4.139,4.917,5.589,6.212
0.037,0.849,1.733,2.552,3.364,4.070,4.944,5.622,6.291
0.002,0.922,1.731,2.554,3.321,4.161,4.862,5.597,6.230
0.053,0.877,1.729,2.454,3.328,4.082,4.843,5.570,6.300
0.030,0.863,1.628,2.598,3.382,4.099,4.843,5.591,6.217
-0.005,0.844,1.713,2.541,3.265,4.067,4.904,5.574,6.301
0.053,0.857,1.655,2.507,3.315,4.167,4.938,5.533,6.231
0.048,0.876,1.785,2.511,3.415,4.128,4.875,5.600,6.267
-0.066,0.880,1.699,2.492,3.368,4.099,4.847,5.612,6.215
0.151,0.908,1.698,2.508,3.343,4.090,4.942,5.600,6.315
0.026,0.860,1.733,2.580,3.314,4.066,4.914,5.530,6.218
0.038,0.874,1.670,2.552,3.352,4.187,4.797,5.632,6.202
0.004,0.883,1.757,2.530,3.319,4.116,4.905,5.529,6.300
0.011,0.862,1.676,2.561,3.394,4.166,4.930,5.595,6.305
0.069,0.870,1.715,2.586,3.381,4.088,4.897,5.664,6.259
0.019,0.836,1.669,2.565,3.319,4.127,4.895,5.599,6.360
0.088,0.873,1.740,2.532,3.389,4.129,4.878,5.580,6.223
0.046,0.927,1.758,2.478,3.311,4.134,4.853,5.626,6.196
0.094,0.907,1.665,2.534,3.327,4.100,4.877,5.640,6.240
0.038,0.830,1.706,2.511,3.303,4.101,4.926,5.596,6.222
0.053,0.869,1.678,2.598,3.409,4.162,4.909,5.653,6.260
-0.007,0.853,1.675,2.529,3.322,4.087,4.898,5.619,6.201
0.004,0.900,1.686,2.509,3.328,4.146,4.886,5.564,6.301
0.035,0.877,1.732,2.526,3.380,4.122,4.897,5.655,6.215
0.012,0.847,1.708,2.603,3.383,4.137,4.917,5.579,6.289
0.025,0.877,1.779,2.582,3.405,4.204,4.890,5.576,6.231
0.004,0.885,1.774,2.600,3.275,4.127,4.867,5.633,6.246
0.077,0.811,1.745,2.525,3.368,4.100,4.813,5.640,6.246
-0.010,0.848,1.745,2.591,3.326,4.132,4.926,5.544,6.219
0.003,0.895,1.617,2.577,3.364,4.142,4.856,5.593,6.308
0.053,0.896,1.693,2.527,3.391,4.122,4.897,5.583,6.257
0.063,0.897,1.683,2.544,3.292,4.136,4.839,5.592,6.235
0.087,0.907,1.725,2.538,3.304,4.115,4.853,5.561,6.258
0.042,0.892,1.782,2.539,3.353,4.035,4.918,5.607,6.242
0.026,0.828,1.733,2.494,3.375,4.068,4.904,5.598,6.209
-0.015,0.914,1.737,2.513,3.372,4.138,4.837,5.535,6.272
0.096,0.826,1.751,2.590,3.365,4.064,4.931,5.607,6.217
0.010,0.813,1.733,2.497,3.291,4.179,4.791,5.559,6.283
0.084,0.905,1.708,2.604,3.378,4.110,4.889,5.609,6.265
0.061,0.893,1.677,2.544,3.403,4.114,4.857,5.578,6.278
0.066,0.906,1.675,2.547,3.281,4.149,4.926,5.577,6.212
-0.038,0.903,1.789,2.472,3.360,4.121,4.890,5.620,6.289
0.037,0.920,1.754,2.456,3.388,4.159,4.914,5.576,6.250
0.003,0.888,1.682,2.523,3.374,4.121,4.858,5.513,6.288
0.071,0.884,1.726,2.535,3.372,4.158,4.953,5.600,6.200
-0.051,0.920,1.800,2.530,3.324,4.111,4.893,5.634,6.260
0.073,0.870,1.672,2.506,3.363,4.126,4.876,5.536,6.276
0.047,0.905,1.717,2.580,3.335,4.134,4.871,5.580,6.288
0.053,0.882,1.704,2.516,3.351,4.131,4.866,5.631,6.202
-0.028,0.888,1.785,2.573,3.388,4.160,4.906,5.526,6.310
-0.032,0.916,1.712,2.556,3.372,4.166,4.851,5.587,6.272
0.072,0.913,1.703,2.586,3.375,4.177,4.887,5.610,6.286
-0.024,0.904,1.635,2.593,3.364,4.115,4.872,5.503,6.200
0.053,0.792,1.743,2.578,3.284,4.168,4.901,5.585,6.187
-0.002,0.830,1.697,2.458,3.270,4.105,4.929,5.602,6.330
0.004,0.893,1.740,2.508,3.403,4.073,4.855,5.611,6.208
0.002,0.798,1.717,2.435,3.396,4.173,4.819,5.619,6.272
0.016,0.859,1.723,2.568,3.363,4.097,4.823,5.548,6.266
0.052,0.877,1.689,2.488,3.351,4.195,4.872,5.605,6.268
0.069,0.881,1.764,2.596,3.338,4.204,4.777,5.601,6.307
0.076,0.808,1.740,2.547,3.418,4.069,4.887,5.575,6.306
0.008,0.885,1.750,2.579,3.352,4.196,4.817,5.609,6.282
0.161,0.840,1.686,2.609,3.343,4.176,4.875,5.605,6.281
0.061,0.890,1.710,2.588,3.370,4.119,4.876,5.539,6.274
0.101,0.899,1.732,2.574,3.387,4.127,4.837,5.657,6.195
0.035,0.877,1.757,2.430,3.269,4.166,4.852,5.498,6.327
0.032,0.908,1.707,2.523,3.317,4.095,4.834,5.583,6.258
-0.015,0.872,1.708,2.514,3.342,4.141,4.889,5.572,6.242
-0.055,0.861,1.699,2.552,3.395,4.131,4.901,5.579,6.333
0.008,0.889,1.680,2.576,3.375,4.146,4.913,5.585,6.274
0.109,0.875,1.773,2.576,3.377,4.087,4.898,5.564,6.282
0.074,0.849,1.738,2.519,3.363,4.083,4.841,5.577,6.267
0.087,0.837,1.795,2.554,3.347,4.127,4.873,5.572,6.189
-0.003,0.858,1.745,2.537,3.385,4.124,4.872,5.563,6.297
0.068,0.852,1.718,2.554,3.316,4.114,4.859,5.545,6.344
0.080,0.894,1.734,2.525,3.375,4.118,4.833,5.560,6.308
0.078,0.827,1.737,2.535,3.396,4.128,4.898,5.618,6.242
0.065,0.891,1.712,2.531,3.347,4.191,4.855,5.585,6.284
0.050,0.858,1.794,2.500,3.374,4.078,4.879,5.630,6.238
0.104,0.913,1.719,2.578,3.319,4.088,4.895,5.588,6.211
0.079,0.850,1.741,2.609,3.330,4.139,4.885,5.562,6.227
0.015,0.883,1.778,2.498,3.359,4.135,4.906,5.669,6.277
0.021,0.897,1.735,2.551,3.421,4.155,4.914,5.561,6.298
0.009,0.929,1.795,2.586,3.358,4.130,4.901,5.646,6.237
0.012,0.843,1.772,2.586,3.275,4.104,4.890,5.507,6.289
0.033,0.872,1.698,2.567,3.347,4.181,4.906,5.630,6.334
-0.028,0.878,1.758,2.593,3.357,4.072,4.842,5.606,6.237
0.031,0.879,1.638,2.579,3.324,4.205,4.913,5.568,6.269
0.016,0.884,1.696,2.532,3.321,4.198,4.853,5.507,6.340
0.048,0.802,1.702,2.560,3.463,4.161,4.887,5.573,6.214
-0.046,0.879,1.796,2.548,3.311,4.159,4.872,5.645,6.337
0.051,0.913,1.662,2.483,3.360,4.148,4.901,5.589,6.239
-0.005,0.877,1.723,2.565,3.390,4.178,4.857,5.609,6.249
-0.022,0.853,1.783,2.578,3.388,4.131,4.874,5.574,6.265
-0.045,0.942,1.760,2.566,3.440,4.148,4.869,5.604,6.174
-0.004,0.945,1.712,2.494,3.340,4.128,4.849,5.551,6.213
0.072,0.838,1.697,2.578,3.336,4.235,4.871,5.568,6.223
0.023,0.930,1.689,2.565,3.424,4.176,4.861,5.553,6.203
0.019,0.827,1.755,2.533,3.412,4.109,4.936,5.588,6.224
0.036,0.856,1.735,2.524,3.358,4.127,4.942,5.611,6.279
0.098,0.818,1.713,2.551,3.322,4.177,4.920,5.552,6.251
-0.073,0.929,1.716,2.502,3.335,4.185,4.864,5.581,6.244
0.040,0.830,1.713,2.473,3.372,4.104,4.920,5.599,6.280
0.054,0.897,1.739,2.487,3.357,4.132,4.899,5.587,6.323
0.087,0.800,1.743,2.565,3.355,4.096,4.913,5.648,6.263
0.012,0.867,1.700,2.574,3.387,4.166,4.811,5.690,6.214
0.000,0.901,1.731,2.536,3.337,4.147,4.941,5.669,6.259
0.027,0.926,1.745,2.550,3.291,4.183,4.855,5.614,6.168
0.052,0.925,1.771,2.578,3.392,4.152,4.872,5.575,6.272
-0.035,0.872,1.666,2.495,3.372,4.110,4.888,5.677,6.286
0.027,0.931,1.733,2.500,3.379,4.223,4.920,5.606,6.265
0.008,0.957,1.748,2.613,3.327,4.114,4.894,5.553,6.243
-0.014,0.873,1.744,2.530,3.324,4.125,4.917,5.600,6.296
0.053,0.890,1.751,2.601,3.404,4.068,4.927,5.655,6.242
0.012,0.854,1.781,2.508,3.322,4.194,4.870,5.610,6.197
0.024,0.851,1.724,2.559,3.368,4.174,4.888,5.633,6.224
0.095,0.840,1.771,2.538,3.320,4.193,4.860,5.596,6.284
0.145,0.888,1.737,2.607,3.388,4.103,4.896,5.598,6.277
-0.016,0.899,1.757,2.603,3.410,4.110,4.878,5.534,6.289
0.083,0.842,1.678,2.518,3.322,4.134,4.960,5.577,6.245
0.024,0.838,1.691,2.582,3.306,4.161,4.909,5.620,6.278
0.001,0.864,1.791,2.519,3.402,4.069,4.916,5.582,6.252
0.102,0.866,1.778,2.561,3.362,4.203,4.882,5.624,6.300
-0.038,0.946,1.755,2.537,3.343,4.148,4.868,5.563,6.282
-0.014,0.879,1.678,2.637,3.393,4.163,4.906,5.575,6.345
0.033,0.924,1.698,2.596,3.410,4.133,4.858,5.602,6.285
0.032,0.906,1.747,2.568,3.322,4.135,4.923,5.630,6.266
-0.011,0.888,1.704,2.490,3.379,4.137,4.892,5.562,6.264
-0.003,0.848,1.695,2.511,3.330,4.085,4.820,5.672,6.312
0.065,0.846,1.652,2.544,3.365,4.130,4.897,5.552,6.289
0.017,0.862,1.710,2.578,3.389,4.113,4.923,5.635,6.286
0.045,0.900,1.741,2.565,3.296,4.134,4.915,5.612,6.321
0.014,0.851,1.747,2.610,3.353,4.116,4.881,5.545,6.239
0.035,0.938,1.736,2.594,3.405,4.149,4.897,5.629,6.281
0.050,0.926,1.657,2.497,3.301,4.136,4.907,5.644,6.289
0.090,0.805,1.784,2.588,3.411,4.145,4.806,5.570,6.234
0.063,0.920,1.742,2.540,3.301,4.097,4.877,5.556,6.253
0.066,0.966,1.696,2.514,3.422,4.101,4.902,5.632,6.280
0.009,0.925,1.745,2.601,3.298,4.086,4.934,5.607,6.291
0.112,0.839,1.763,2.586,3.362,4.143,4.935,5.635,6.318
0.049,0.855,1.693,2.564,3.327,4.146,4.919,5.669,6.289
0.069,0.928,1.734,2.563,3.368,4.085,4.858,5.570,6.293
0.033,1.006,1.712,2.585,3.377,4.202,4.922,5.576,6.233
-0.032,0.949,1.667,2.553,3.357,4.131,4.878,5.584,6.325
0.012,0.896,1.725,2.570,3.422,4.127,4.885,5.618,6.198
0.084,0.942,1.745,2.515,3.310,4.172,4.862,5.566,6.238
-0.005,0.913,1.681,2.539,3.313,4.168,4.914,5.607,6.295
0.056,0.898,1.683,2.589,3.405,4.167,4.865,5.593,6.215
-0.014,0.905,1.737,2.499,3.380,4.118,4.944,5.640,6.242
0.024,0.846,1.750,2.568,3.347,4.120,4.854,5.656,6.286
0.031,0.870,1.711,2.568,3.305,4.138,4.811,5.560,6.305
0.012,0.937,1.725,2.585,3.394,4.134,4.893,5.568,6.284
-0.009,0.908,1.802,2.576,3.379,4.183,4.912,5.650,6.267
0.051,0.898,1.764,2.526,3.361,4.160,4.891,5.595,6.256
0.011,0.904,1.676,2.518,3.354,4.184,4.824,5.744,6.334
0.040,0.862,1.783,2.479,3.374,4.119,4.871,5.576,6.283
0.165,0.909,1.676,2.573,3.334,4.151,4.871,5.645,6.171
0.051,0.893,1.749,2.532,3.357,4.120,4.844,5.621,6.250
0.033,0.889,1.781,2.517,3.317,4.171,4.869,5.556,6.223
0.036,0.873,1.727,2.538,3.394,4.152,4.866,5.619,6.302
0.146,0.879,1.769,2.484,3.337,4.165,4.847,5.572,6.306
0.041,0.872,1.688,2.630,3.332,4.125,4.915,5.695,6.282
0.054,0.895,1.707,2.585,3.336,4.148,4.898,5.594,6.233
0.012,0.921,1.770,2.535,3.334,4.195,4.912,5.535,6.245
0.082,0.818,1.722,2.539,3.306,4.164,4.947,5.549,6.355
0.030,0.862,1.813,2.573,3.319,4.168,4.903,5.569,6.293
0.051,0.870,1.652,2.486,3.283,4.128,4.904,5.571,6.275
-0.000,0.848,1.678,2.544,3.373,4.098,4.903,5.605,6.237
0.014,0.902,1.745,2.559,3.366,4.160,4.930,5.586,6.278
0.096,0.921,1.686,2.557,3.371,4.145,4.886,5.587,6.223
0.065,0.927,1.711,2.530,3.499,4.172,4.881,5.559,6.260
0.003,0.851,1.707,2.626,3.315,4.150,4.820,5.583,6.275
0.041,0.951,1.695,2.546,3.349,4.144,4.812,5.561,6.232
0.016,0.946,1.689,2.545,3.362,4.151,4.834,5.585,6.245
0.036,0.845,1.714,2.538,3.366,4.176,4.959,5.650,6.262
0.101,0.899,1.669,2.510,3.349,4.200,4.863,5.583,6.305
0.035,0.927,1.789,2.510,3.412,4.120,4.860,5.576,6.262
0.047,0.988,1.714,2.529,3.345,4.096,4.874,5.663,6.258
0.092,0.840,1.687,2.545,3.364,4.142,4.905,5.572,6.291
0.045,0.804,1.716,2.513,3.376,4.142,4.902,5.575,6.238
-0.018,0.919,1.681,2.580,3.362,4.065,4.913,5.632,6.253
0.030,0.902,1.721,2.561,3.371,4.117,4.883,5.618,6.239
-0.008,0.886,1.751,2.542,3.310,4.128,4.865,5.610,6.313
0.082,0.958,1.819,2.562,3.359,4.123,4.814,5.653,6.295
0.068,0.946,1.714,2.566,3.328,4.124,4.844,5.648,6.183
0.046,0.879,1.693,2.632,3.334,4.106,4.857,5.663,6.317
0.009,0.999,1.686,2.559,3.374,4.077,4.831,5.573,6.289
0.044,0.881,1.790,2.508,3.331,4.128,4.894,5.677,6.240
0.051,0.915,1.701,2.545,3.362,4.117,4.913,5.569,6.265
0.030,0.886,1.768,2.558,3.375,4.183,4.934,5.533,6.248
0.074,0.895,1.695,2.554,3.392,4.142,4.812,5.670,6.225
0.044,0.938,1.763,2.537,3.413,4.209,4.937,5.626,6.236
0.034,0.843,1.781,2.607,3.414,4.148,4.903,5.617,6.265
0.066,0.953,1.721,2.540,3.383,4.136,4.895,5.673,6.241
0.039,0.904,1.728,2.548,3.339,4.184,4.874,5.576,6.243
0.052,0.893,1.743,2.606,3.319,4.109,4.887,5.672,6.291
0.029,0.904,1.803,2.537,3.330,4.115,4.861,5.585,6.267
0.059,0.886,1.809,2.548,3.342,4.122,4.839,5.572,6.277
0.070,0.907,1.741,2.583,3.343,4.178,4.830,5.608,6.267
0.111,0.850,1.761,2.615,3.393,4.177,4.875,5.654,6.181
0.028,0.903,1.764,2.524,3.364,4.204,4.902,5.640,6.244
0.043,0.856,1.684,2.512,3.438,4.154,4.897,5.608,6.252
0.073,0.884,1.766,2.524,3.337,4.143,4.824,5.608,6.314
0.058,0.936,1.743,2.569,3.387,4.154,4.879,5.631,6.277
0.084,0.890,1.701,2.543,3.335,4.094,4.893,5.604,6.247
0.100,0.931,1.664,2.583,3.384,4.134,4.831,5.684,6.290
0.033,0.877,1.753,2.528,3.345,4.176,4.892,5.547,6.258
0.075,0.900,1.768,2.505,3.419,4.178,4.889,5.571,6.269
-0.008,0.909,1.708,2.521,3.351,4.109,4.948,5.616,6.244
0.090,0.880,1.732,2.514,3.388,4.143,4.857,5.603,6.303
0.000,0.852,1.785,2.544,3.380,4.123,4.920,5.584,6.275
0.077,0.905,1.684,2.564,3.370,4.137,4.893,5.633,6.231
0.081,0.890,1.827,2.532,3.413,4.159,4.902,5.590,6.313
0.039,0.941,1.783,2.547,3.399,4.159,4.906,5.682,6.284
0.046,0.893,1.681,2.572,3.364,4.147,4.931,5.678,6.282
-0.006,0.943,1.767,2.499,3.396,4.136,4.885,5.552,6.307
0.011,0.932,1.649,2.571,3.392,4.198,4.899,5.605,6.267
0.047,0.935,1.830,2.556,3.415,4.216,4.887,5.597,6.223
0.006,0.947,1.699,2.585,3.299,4.158,4.887,5.642,6.283
0.031,0.944,1.730,2.558,3.422,4.151,4.889,5.617,6.273
0.062,0.931,1.676,2.602,3.382,4.156,4.865,5.577,6.299
0.087,0.909,1.740,2.574,3.345,4.213,4.872,5.599,6.248
0.065,0.961,1.741,2.517,3.364,4.174,4.913,5.634,6.298
0.074,0.966,1.768,2.599,3.405,4.133,4.878,5.601,6.245
0.051,0.957,1.625,2.600,3.410,4.160,4.912,5.617,6.248
0.080,0.883,1.704,2.598,3.365,4.168,4.822,5.628,6.282
0.057,0.896,1.725,2.575,3.368,4.140,4.864,5.601,6.251
0.075,0.883,1.765,2.499,3.402,4.208,4.883,5.564,6.336
0.123,0.874,1.762,2.536,3.362,4.097,4.936,5.584,6.274
0.093,0.867,1.798,2.601,3.263,4.141,4.954,5.569,6.261
0.014,0.951,1.785,2.477,3.332,4.111,4.882,5.629,6.263
0.003,0.848,1.748,2.491,3.347,4.086,4.854,5.678,6.244
0.043,0.926,1.754,2.515,3.268,4.083,4.870,5.616,6.300
0.021,1.019,1.793,2.552,3.386,4.163,4.888,5.565,6.303
-0.026,0.980,1.742,2.513,3.380,4.183,4.928,5.652,6.300
0.036,0.891,1.703,2.556,3.340,4.129,4.888,5.528,6.263
0.056,0.856,1.724,2.576,3.375,4.119,4.877,5.667,6.304
0.084,0.919,1.674,2.516,3.399,4.128,4.923,5.586,6.275
0.023,0.776,1.781,2.545,3.401,4.211,4.856,5.650,6.281
0.040,0.959,1.765,2.498,3.355,4.192,4.913,5.658,6.307
0.061,0.909,1.645,2.592,3.329,4.159,4.861,5.635,6.324
-0.001,0.926,1.810,2.521,3.377,4.109,4.912,5.531,6.312
0.048,0.892,1.685,2.680,3.422,4.145,4.851,5.575,6.273
0.061,0.875,1.754,2.551,3.353,4.096,4.851,5.634,6.282
0.012,0.852,1.768,2.584,3.321,4.165,4.894,5.626,6.273
0.051,0.881,1.710,2.576,3.309,4.132,4.877,5.660,6.209
0.039,0.955,1.783,2.560,3.437,4.142,4.965,5.604,6.238
0.076,0.897,1.789,2.537,3.381,4.147,4.881,5.644,6.286
0.030,0.928,1.772,2.582,3.359,4.170,4.820,5.629,6.213
0.049,0.891,1.740,2.530,3.326,4.194,4.963,5.657,6.300
-0.002,0.902,1.759,2.617,3.369,4.101,4.914,5.614,6.253
0.029,0.970,1.826,2.556,3.346,4.131,4.959,5.625,6.317
0.077,0.873,1.705,2.556,3.366,4.215,4.861,5.661,6.296
0.040,0.907,1.768,2.601,3.444,4.183,4.881,5.628,6.188
0.122,0.882,1.753,2.549,3.324,4.183,4.856,5.648,6.231
0.002,0.876,1.785,2.535,3.369,4.141,4.941,5.626,6.267
0.076,0.897,1.673,2.605,3.384,4.237,4.859,5.564,6.312
-0.009,0.971,1.770,2.613,3.337,4.106,4.860,5.609,6.316
0.079,0.934,1.773,2.509,3.391,4.170,4.971,5.602,6.289
0.020,0.837,1.757,2.594,3.399,4.142,4.883,5.679,6.288
0.152,0.944,1.793,2.557,3.342,4.174,4.826,5.625,6.192
0.069,0.840,1.673,2.543,3.379,4.109,4.844,5.579,6.305
0.002,0.921,1.739,2.549,3.396,4.200,4.921,5.653,6.232
0.033,0.819,1.741,2.613,3.385,4.134,4.854,5.665,6.334
0.086,0.890,1.727,2.552,3.372,4.164,4.934,5.657,6.235
0.062,0.904,1.754,2.547,3.329,4.088,4.902,5.659,6.257
0.004,0.925,1.680,2.638,3.387,4.151,4.844,5.623,6.276
-0.006,0.959,1.720,2.578,3.438,4.170,4.889,5.624,6.201
0.046,0.918,1.717,2.545,3.377,4.168,4.926,5.590,6.250
0.054,0.944,1.699,2.544,3.437,4.141,4.882,5.583,6.289
0.065,0.907,1.752,2.582,3.414,4.165,4.863,5.648,6.327
0.051,0.869,1.765,2.569,3.397,4.157,4.914,5.626,6.266
0.092,0.962,1.704,2.625,3.344,4.219,4.912,5.567,6.349
0.076,0.921,1.725,2.571,3.369,4.181,4.845,5.646,6.340
0.082,0.878,1.793,2.522,3.397,4.184,4.921,5.596,6.283
0.085,0.963,1.726,2.557,3.326,4.116,4.911,5.599,6.240
0.013,0.873,1.727,2.579,3.386,4.180,4.872,5.579,6.218
0.033,0.843,1.663,2.548,3.429,4.193,4.899,5.633,6.281
0.060,0.899,1.771,2.527,3.284,4.149,4.946,5.527,6.271
0.054,0.915,1.810,2.606,3.283,4.073,4.872,5.563,6.351
0.030,0.852,1.764,2.500,3.405,4.106,4.890,5.594,6.324
0.021,0.932,1.705,2.574,3.369,4.165,4.859,5.595,6.338
0.074,0.962,1.700,2.556,3.461,4.244,4.956,5.597,6.289
0.097,0.904,1.789,2.555,3.401,4.195,4.850,5.634,6.253
0.094,0.897,1.740,2.517,3.400,4.119,4.884,5.570,6.199
0.070,0.917,1.743,2.540,3.369,4.098,4.884,5.582,6.305
0.125,0.873,1.745,2.609,3.389,4.143,4.894,5.613,6.263
0.037,0.941,1.735,2.545,3.362,4.117,4.899,5.631,6.329
0.045,0.968,1.761,2.522,3.303,4.114,4.904,5.569,6.335
0.066,0.800,1.693,2.665,3.417,4.139,4.899,5.576,6.280
0.043,0.936,1.763,2.608,3.348,4.130,4.910,5.686,6.266
0.064,0.910,1.704,2.612,3.399,4.182,4.899,5.590,6.266
0.026,0.938,1.759,2.620,3.417,4.113,4.873,5.610,6.291
0.013,0.899,1.778,2.544,3.328,4.151,4.880,5.624,6.257
0.094,0.969,1.795,2.521,3.385,4.182,4.962,5.580,6.231
0.050,0.976,1.785,2.551,3.414,4.143,4.917,5.639,6.299
0.067,0.948,1.726,2.566,3.347,4.093,4.930,5.604,6.317
0.011,0.877,1.734,2.577,3.418,4.145,4.953,5.581,6.259
0.074,0.899,1.776,2.559,3.354,4.110,4.828,5.632,6.213
0.111,0.909,1.746,2.597,3.441,4.222,4.925,5.551,6.299
-0.009,0.868,1.753,2.502,3.338,4.213,4.874,5.574,6.293
0.067,0.924,1.755,2.510,3.376,4.178,4.901,5.605,6.238
0.035,0.978,1.828,2.567,3.380,4.163,4.867,5.653,6.276
0.049,0.970,1.722,2.590,3.393,4.168,4.937,5.614,6.326
0.082,0.894,1.807,2.611,3.301,4.172,4.933,5.642,6.348
0.106,0.900,1.755,2.564,3.423,4.092,4.966,5.547,6.329
0.131,0.873,1.821,2.659,3.423,4.128,4.964,5.697,6.305
0.148,0.932,1.765,2.631,3.405,4.172,4.963,5.641,6.311
0.110,0.926,1.777,2.565,3.365,4.118,4.880,5.652,6.297
0.135,0.956,1.779,2.636,3.366,4.165,4.895,5.621,6.320
0.018,0.971,1.719,2.584,3.325,4.110,4.861,5.591,6.197
0.049,0.883,1.723,2.577,3.370,4.130,4.936,5.536,6.260
0.102,0.948,1.759,2.586,3.351,4.192,4.971,5.639,6.294
0.053,0.944,1.710,2.618,3.390,4.137,4.947,5.610,6.274
0.113,0.920,1.743,2.661,3.425,4.110,4.876,5.614,6.208
0.052,0.900,1.755,2.575,3.374,4.080,4.900,5.605,6.317
0.079,0.918,1.705,2.594,3.393,4.233,4.916,5.658,6.211
0.083,0.853,1.800,2.620,3.358,4.145,4.863,5.630,6.238
0.072,0.941,1.760,2.540,3.405,4.091,4.919,5.640,6.272
0.057,0.897,1.753,2.620,3.353,4.127,4.886,5.636,6.220
0.107,0.875,1.749,2.521,3.345,4.158,4.944,5.711,6.287
0.095,0.856,1.694,2.505,3.393,4.149,4.897,5.612,6.292
0.125,0.905,1.681,2.595,3.353,4.117,4.901,5.606,6.236
0.054,0.866,1.739,2.633,3.340,4.126,4.916,5.617,6.297
0.071,0.925,1.732,2.565,3.374,4.159,4.912,5.618,6.298
-0.015,0.812,1.733,2.596,3.380,4.214,4.928,5.574,6.263
0.045,0.983,1.845,2.592,3.296,4.245,4.896,5.611,6.319
0.081,0.905,1.741,2.568,3.372,4.150,4.967,5.678,6.257
0.043,0.896,1.795,2.608,3.398,4.113,4.838,5.715,6.303
0.078,0.944,1.653,2.484,3.350,4.159,4.843,5.620,6.279
0.059,0.970,1.770,2.598,3.403,4.216,5.009,5.549,6.345
0.025,0.924,1.736,2.571,3.347,4.142,4.979,5.660,6.255
0.070,0.953,1.725,2.616,3.316,4.141,4.913,5.550,6.283
0.123,0.953,1.733,2.523,3.364,4.123,4.966,5.642,6.303
0.084,0.932,1.782,2.672,3.358,4.123,4.821,5.595,6.306
0.032,0.904,1.736,2.610,3.430,4.141,4.905,5.643,6.273
0.089,0.891,1.759,2.570,3.352,4.202,4.910,5.609,6.288
0.057,0.899,1.708,2.610,3.358,4.210,4.991,5.587,6.274
0.014,0.975,1.751,2.605,3.347,4.219,4.870,5.598,6.277
0.007,0.909,1.762,2.642,3.380,4.149,4.903,5.628,6.256
0.064,0.930,1.783,2.564,3.376,4.107,4.929,5.626,6.270
0.142,0.985,1.677,2.557,3.479,4.237,4.877,5.615,6.264
0.090,0.905,1.758,2.600,3.406,4.154,4.901,5.604,6.287
0.026,0.865,1.689,2.560,3.431,4.232,4.901,5.646,6.282
0.004,0.924,1.739,2.620,3.374,4.163,4.898,5.606,6.333
0.050,0.903,1.644,2.533,3.389,4.173,4.882,5.603,6.227
0.022,0.874,1.723,2.593,3.437,4.188,4.867,5.623,6.277
0.073,0.875,1.826,2.546,3.355,4.149,4.887,5.616,6.330
0.064,0.882,1.732,2.540,3.402,4.113,4.882,5.610,6.334
0.076,0.901,1.831,2.564,3.382,4.149,4.893,5.616,6.255
-0.011,0.941,1.779,2.570,3.404,4.122,4.887,5.659,6.285
0.121,0.930,1.730,2.510,3.398,4.207,4.884,5.664,6.267
0.052,0.955,1.831,2.624,3.358,4.163,4.959,5.622,6.223
0.075,0.935,1.697,2.576,3.442,4.233,4.923,5.677,6.260
0.145,0.968,1.749,2.610,3.316,4.195,4.869,5.592,6.350
0.051,0.924,1.785,2.589,3.340,4.100,4.917,5.631,6.259
0.044,0.908,1.728,2.594,3.393,4.167,4.894,5.612,6.243
0.014,0.973,1.765,2.597,3.382,4.122,4.909,5.631,6.323
0.064,0.937,1.696,2.633,3.309,4.123,4.947,5.618,6.312
0.124,0.914,1.804,2.562,3.408,4.162,4.897,5.563,6.237
0.072,0.922,1.765,2.549,3.376,4.141,4.974,5.563,6.312
0.052,0.930,1.705,2.527,3.362,4.197,4.885,5.617,6.314
0.139,0.935,1.767,2.565,3.378,4.085,4.835,5.634,6.253
0.093,0.862,1.824,2.551,3.394,4.176,4.975,5.669,6.247
0.101,0.910,1.766,2.579,3.431,4.169,4.936,5.569,6.276
0.099,0.886,1.738,2.574,3.369,4.164,4.875,5.595,6.332
0.028,0.926,1.809,2.618,3.316,4.108,4.858,5.584,6.324
0.025,0.887,1.732,2.622,3.416,4.142,4.832,5.613,6.286
0.111,0.927,1.781,2.552,3.463,4.169,4.974,5.671,6.289
0.109,0.924,1.744,2.521,3.410,4.179,4.901,5.696,6.295
0.028,0.948,1.688,2.649,3.380,4.165,4.926,5.592,6.315
0.080,0.958,1.792,2.554,3.366,4.143,4.892,5.583,6.312
0.022,0.887,1.785,2.538,3.388,4.121,4.885,5.699,6.343
-0.005,0.906,1.792,2.546,3.347,4.142,4.919,5.634,6.289
0.034,0.979,1.723,2.627,3.378,4.225,4.899,5.586,6.358
0.045,0.901,1.813,2.607,3.373,4.146,4.904,5.643,6.205
0.062,0.903,1.749,2.623,3.442,4.146,4.893,5.633,6.288
0.073,0.903,1.705,2.612,3.453,4.160,4.946,5.625,6.195
0.069,0.978,1.712,2.554,3.315,4.181,4.942,5.586,6.285
0.039,0.956,1.805,2.519,3.430,4.141,4.910,5.598,6.287
0.103,0.914,1.685,2.585,3.426,4.124,4.944,5.572,6.234
0.110,0.947,1.820,2.570,3.285,4.145,4.866,5.648,6.293
0.145,0.878,1.787,2.540,3.320,4.183,4.839,5.662,6.270
0.074,0.866,1.741,2.656,3.377,4.183,4.967,5.553,6.290
0.055,0.941,1.811,2.610,3.342,4.166,4.962,5.622,6.323
0.093,0.953,1.717,2.624,3.384,4.158,4.871,5.610,6.272
0.070,0.920,1.708,2.583,3.387,4.130,4.858,5.574,6.274
0.050,0.877,1.764,2.590,3.366,4.199,4.913,5.592,6.272
0.157,0.834,1.755,2.638,3.411,4.113,4.893,5.642,6.362
0.065,0.849,1.765,2.598,3.333,4.212,4.896,5.573,6.223
0.061,0.899,1.748,2.576,3.418,4.089,4.859,5.589,6.241
0.058,0.856,1.746,2.615,3.310,4.123,4.900,5.617,6.266
0.093,0.939,1.744,2.618,3.369,4.154,4.899,5.617,6.311
-0.011,0.842,1.754,2.517,3.394,4.112,4.914,5.653,6.333
0.012,0.888,1.781,2.600,3.370,4.173,4.945,5.609,6.295
0.074,0.875,1.720,2.649,3.370,4.178,4.896,5.661,6.244
0.081,0.892,1.739,2.531,3.410,4.181,4.897,5.620,6.271
0.054,0.942,1.782,2.595,3.361,4.154,4.884,5.604,6.289
0.135,0.935,1.772,2.603,3.402,4.185,4.871,5.642,6.359
0.149,0.956,1.724,2.585,3.381,4.236,4.939,5.636,6.303
0.087,0.949,1.827,2.578,3.363,4.134,4.958,5.667,6.287
-0.011,0.951,1.727,2.557,3.339,4.156,4.951,5.623,6.298
0.082,0.889,1.794,2.541,3.397,4.181,4.963,5.666,6.298
0.126,0.906,1.777,2.565,3.425,4.130,4.914,5.615,6.296
0.012,0.925,1.709,2.596,3.397,4.165,4.878,5.712,6.276
0.081,0.843,1.718,2.620,3.357,4.126,4.945,5.671,6.305
0.089,0.896,1.716,2.535,3.357,4.210,4.900,5.619,6.287
0.194,0.902,1.748,2.588,3.436,4.147,4.865,5.637,6.265
0.007,0.831,1.771,2.644,3.433,4.085,4.819,5.592,6.309
0.118,0.891,1.843,2.573,3.370,4.223,4.882,5.637,6.234
0.074,1.000,1.693,2.534,3.359,4.124,4.933,5.585,6.352
0.095,0.936,1.734,2.574,3.359,4.119,4.896,5.634,6.277
0.077,0.900,1.698,2.539,3.403,4.123,4.936,5.591,6.330
0.091,0.876,1.749,2.571,3.370,4.109,4.916,5.656,6.292
0.000,0.968,1.766,2.563,3.425,4.128,4.909,5.607,6.287
0.128,0.920,1.798,2.567,3.408,4.180,4.878,5.596,6.286
0.056,0.962,1.822,2.592,3.413,4.172,4.908,5.702,6.347
0.030,0.884,1.765,2.644,3.427,4.106,4.874,5.612,6.267
0.079,0.858,1.813,2.505,3.321,4.168,4.939,5.635,6.308
0.081,0.971,1.751,2.625,3.358,4.158,4.949,5.580,6.331
0.046,0.917,1.802,2.595,3.457,4.153,4.981,5.637,6.265
0.110,0.895,1.747,2.593,3.319,4.189,4.873,5.605,6.266
0.062,0.902,1.806,2.590,3.386,4.213,4.885,5.638,6.283
0.062,0.919,1.730,2.566,3.374,4.128,4.899,5.708,6.284
0.103,0.923,1.799,2.508,3.463,4.125,4.897,5.630,6.331
0.186,0.924,1.753,2.566,3.414,4.212,4.941,5.630,6.214
0.125,0.986,1.734,2.604,3.314,4.184,4.874,5.613,6.227
0.117,0.912,1.679,2.616,3.394,4.184,4.904,5.716,6.332
0.070,0.936,1.778,2.613,3.310,4.124,4.899,5.666,6.266
0.106,0.882,1.788,2.543,3.394,4.132,4.887,5.661,6.238
0.104,0.967,1.772,2.563,3.374,4.209,4.873,5.607,6.229
0.072,0.877,1.783,2.579,3.380,4.189,4.942,5.613,6.262
0.105,0.933,1.790,2.669,3.379,4.167,4.936,5.649,6.280
0.056,0.924,1.761,2.618,3.412,4.177,4.972,5.631,6.313
0.142,0.863,1.752,2.603,3.398,4.182,4.934,5.604,6.255
0.022,0.939,1.670,2.638,3.372,4.205,4.893,5.626,6.267
0.092,0.898,1.715,2.489,3.403,4.187,4.923,5.656,6.335
0.098,0.924,1.766,2.562,3.387,4.196,4.966,5.595,6.310
0.073,0.934,1.809,2.585,3.491,4.173,4.975,5.664,6.313
0.021,0.996,1.747,2.553,3.406,4.122,4.919,5.680,6.253
0.106,0.986,1.789,2.586,3.406,4.196,4.930,5.594,6.303
0.094,1.023,1.772,2.646,3.378,4.188,4.883,5.599,6.256
0.093,0.942,1.770,2.672,3.415,4.205,5.006,5.639,6.293
0.093,0.911,1.808,2.584,3.440,4.179,4.856,5.564,6.329
0.013,0.906,1.781,2.604,3.362,4.236,4.899,5.571,6.291
0.077,0.935,1.752,2.586,3.391,4.168,4.845,5.602,6.279
0.061,0.918,1.790,2.596,3.385,4.144,4.929,5.606,6.272
0.099,0.858,1.736,2.596,3.399,4.203,4.989,5.630,6.283
0.112,0.873,1.757,2.648,3.390,4.246,4.959,5.672,6.259
0.061,0.976,1.734,2.565,3.387,4.117,4.917,5.675,6.332
0.111,0.907,1.777,2.546,3.388,4.194,4.947,5.612,6.269
0.173,0.912,1.728,2.597,3.464,4.194,4.887,5.707,6.258
0.068,0.865,1.728,2.608,3.348,4.172,4.874,5.529,6.279
0.055,0.936,1.752,2.569,3.341,4.210,4.853,5.652,6.294
0.066,0.953,1.760,2.576,3.418,4.167,4.856,5.602,6.315
0.102,0.925,1.800,2.588,3.422,4.094,4.997,5.617,6.256
0.101,0.821,1.737,2.537,3.448,4.153,4.981,5.589,6.307
0.074,0.942,1.773,2.603,3.448,4.231,4.920,5.597,6.285
0.087,0.962,1.818,2.628,3.423,4.157,4.906,5.669,6.289
0.129,0.888,1.805,2.651,3.403,4.262,4.983,5.585,6.242
0.156,0.898,1.807,2.635,3.371,4.152,4.924,5.695,6.259
0.072,0.955,1.769,2.622,3.409,4.191,4.896,5.697,6.294
0.023,0.904,1.763,2.543,3.381,4.157,4.878,5.682,6.292
0.091,0.893,1.714,2.597,3.324,4.158,4.940,5.652,6.311
0.103,0.944,1.713,2.606,3.361,4.180,4.921,5.635,6.299
0.037,0.970,1.798,2.576,3.358,4.155,4.949,5.619,6.308
0.120,0.965,1.785,2.644,3.441,4.144,4.943,5.575,6.333
0.037,0.911,1.786,2.641,3.418,4.255,4.928,5.694,6.343
0.139,0.993,1.759,2.597,3.374,4.191,4.913,5.613,6.250
0.045,0.972,1.741,2.570,3.406,4.146,4.878,5.637,6.273
0.134,0.886,1.748,2.678,3.421,4.181,4.959,5.681,6.315
0.034,0.948,1.763,2.673,3.402,4.104,4.900,5.611,6.285
0.025,0.920,1.786,2.618,3.418,4.155,4.968,5.660,6.298
0.059,0.944,1.835,2.554,3.387,4.211,4.963,5.561,6.317
0.065,0.962,1.746,2.541,3.454,4.219,4.991,5.589,6.228
0.089,0.948,1.740,2.567,3.399,4.206,4.953,5.527,6.290
0.059,0.907,1.772,2.559,3.359,4.195,4.908,5.588,6.234
0.158,0.919,1.783,2.576,3.497,4.176,4.967,5.657,6.283
0.055,0.881,1.723,2.604,3.318,4.145,4.943,5.590,6.315
0.106,0.985,1.836,2.614,3.407,4.229,4.865,5.620,6.310
0.162,0.888,1.837,2.620,3.361,4.156,4.949,5.613,6.330
0.067,0.963,1.700,2.618,3.445,4.163,4.981,5.609,6.435
0.071,0.952,1.763,2.547,3.406,4.214,4.893,5.589,6.307
0.081,0.977,1.737,2.584,3.411,4.160,4.861,5.633,6.288
0.044,0.921,1.697,2.546,3.413,4.146,4.912,5.608,6.311
0.107,0.888,1.797,2.548,3.363,4.217,4.938,5.678,6.308
0.160,0.967,1.717,2.585,3.453,4.200,4.936,5.594,6.278
0.117,0.944,1.698,2.579,3.388,4.207,4.939,5.575,6.362
0.085,0.996,1.720,2.577,3.471,4.120,4.895,5.579,6.328
0.071,0.901,1.739,2.529,3.376,4.176,4.925,5.574,6.304
0.106,0.945,1.808,2.632,3.421,4.093,4.902,5.615,6.329
0.018,0.957,1.809,2.594,3.425,4.235,4.907,5.617,6.330
0.035,1.022,1.775,2.589,3.469,4.181,4.958,5.670,6.369
0.041,0.955,1.799,2.582,3.344,4.217,4.925,5.640,6.304
0.099,0.963,1.759,2.655,3.390,4.243,4.867,5.619,6.366
0.085,0.922,1.740,2.626,3.450,4.236,4.951,5.596,6.269
0.108,0.898,1.791,2.618,3.366,4.151,4.897,5.679,6.310
0.080,0.915,1.730,2.570,3.444,4.159,4.924,5.608,6.280
0.072,0.932,1.727,2.626,3.374,4.163,4.943,5.690,6.291
0.050,0.978,1.806,2.686,3.409,4.164,4.949,5.632,6.253
0.063,0.944,1.762,2.610,3.398,4.242,4.921,5.634,6.287
-0.021,0.995,1.745,2.607,3.412,4.191,4.991,5.638,6.370
0.029,0.942,1.785,2.623,3.411,4.178,4.924,5.691,6.289
0.052,0.883,1.750,2.550,3.393,4.160,4.940,5.663,6.331
0.126,0.942,1.774,2.552,3.376,4.147,4.888,5.629,6.263
0.101,0.900,1.776,2.616,3.392,4.237,4.925,5.694,6.324
0.078,0.945,1.753,2.580,3.412,4.201,4.934,5.694,6.334
0.111,0.932,1.723,2.574,3.356,4.208,4.900,5.664,6.310
0.154,0.969,1.769,2.576,3.394,4.160,4.976,5.608,6.336
0.119,0.923,1.734,2.623,3.417,4.169,4.994,5.660,6.330
0.131,0.956,1.725,2.573,3.403,4.256,4.934,5.580,6.292
0.177,0.947,1.722,2.580,3.373,4.233,4.938,5.674,6.273
0.145,0.923,1.749,2.558,3.444,4.113,4.921,5.606,6.317
0.134,0.911,1.732,2.642,3.417,4.192,4.960,5.645,6.366
0.110,0.969,1.754,2.619,3.433,4.144,4.912,5.585,6.297
0.046,0.959,1.763,2.550,3.437,4.156,4.884,5.619,6.302
0.029,0.882,1.693,2.671,3.381,4.171,4.960,5.686,6.361
0.058,0.878,1.832,2.641,3.389,4.191,4.963,5.614,6.337
0.074,0.920,1.777,2.547,3.430,4.195,4.901,5.634,6.286
0.107,0.918,1.798,2.562,3.394,4.171,4.975,5.604,6.271
-0.007,0.917,1.761,2.589,3.472,4.123,4.891,5.677,6.302
0.114,0.900,1.814,2.575,3.437,4.172,4.937,5.704,6.300
0.090,0.938,1.777,2.547,3.367,4.242,4.996,5.623,6.375
0.083,0.976,1.795,2.588,3.368,4.168,4.868,5.715,6.205
0.187,0.896,1.760,2.614,3.425,4.187,4.891,5.671,6.293
0.071,0.979,1.801,2.652,3.406,4.157,4.894,5.604,6.299
0.063,0.940,1.863,2.622,3.430,4.202,4.855,5.615,6.269
0.111,1.000,1.753,2.570,3.395,4.219,4.955,5.585,6.314
0.119,0.948,1.794,2.638,3.422,4.144,4.964,5.619,6.281
0.006,0.944,1.814,2.622,3.369,4.192,5.000,5.680,6.348
0.145,1.008,1.741,2.538,3.464,4.185,5.007,5.669,6.367
0.117,0.937,1.683,2.585,3.372,4.178,4.934,5.641,6.324
0.042,0.939,1.710,2.582,3.412,4.196,4.870,5.556,6.267
0.079,0.967,1.731,2.663,3.462,4.160,4.901,5.619,6.330
0.058,0.953,1.783,2.651,3.312,4.202,4.942,5.594,6.295
0.101,0.898,1.840,2.563,3.374,4.117,4.932,5.613,6.358
0.043,0.905,1.827,2.587,3.402,4.119,4.941,5.583,6.374
0.039,0.865,1.756,2.644,3.394,4.182,4.931,5.660,6.277
0.100,0.868,1.685,2.601,3.376,4.156,4.906,5.678,6.371
0.128,0.958,1.768,2.597,3.428,4.159,4.923,5.667,6.294
0.115,0.979,1.788,2.614,3.435,4.136,4.935,5.647,6.238
0.083,0.982,1.737,2.565,3.390,4.183,4.910,5.602,6.270
0.107,0.875,1.783,2.617,3.428,4.126,4.945,5.625,6.263
0.129,0.960,1.828,2.634,3.412,4.160,4.922,5.543,6.263
0.117,0.925,1.803,2.574,3.397,4.128,4.975,5.641,6.309
0.170,0.886,1.816,2.600,3.392,4.117,4.927,5.772,6.272
0.075,0.964,1.794,2.574,3.377,4.199,4.866,5.620,6.300
0.065,0.926,1.788,2.514,3.452,4.213,4.970,5.595,6.325
0.143,0.964,1.730,2.583,3.397,4.162,4.910,5.691,6.247
0.082,0.969,1.720,2.627,3.441,4.132,4.880,5.750,6.287
0.075,0.968,1.745,2.663,3.405,4.188,4.911,5.622,6.341
0.096,0.945,1.812,2.557,3.435,4.264,4.880,5.662,6.310
0.062,0.888,1.754,2.564,3.416,4.229,5.012,5.635,6.318
0.051,0.910,1.712,2.581,3.387,4.225,4.940,5.646,6.330
0.127,1.008,1.767,2.604,3.319,4.216,4.932,5.624,6.364
0.142,0.951,1.777,2.622,3.472,4.160,4.998,5.598,6.315
0.040,0.914,1.743,2.641,3.385,4.146,4.917,5.657,6.329
0.100,0.911,1.728,2.615,3.415,4.194,4.940,5.666,6.305
0.090,0.931,1.757,2.553,3.409,4.163,4.886,5.602,6.360
0.079,0.920,1.796,2.567,3.460,4.145,4.936,5.700,6.263
0.104,0.924,1.708,2.534,3.437,4.165,4.929,5.626,6.210
0.139,0.971,1.730,2.633,3.371,4.230,4.892,5.614,6.331
0.099,0.930,1.780,2.643,3.411,4.185,4.877,5.683,6.318
0.028,0.942,1.822,2.536,3.399,4.154,4.927,5.620,6.283
0.164,0.952,1.763,2.619,3.447,4.180,4.923,5.642,6.276
0.102,0.954,1.773,2.638,3.435,4.234,4.948,5.568,6.362
0.098,0.866,1.844,2.605,3.393,4.167,4.999,5.681,6.271
0.091,0.938,1.805,2.612,3.407,4.160,4.918,5.725,6.273
0.047,0.906,1.747,2.535,3.461,4.165,4.901,5.663,6.272
0.080,0.966,1.730,2.597,3.360,4.171,4.965,5.627,6.264
0.190,1.004,1.796,2.654,3.406,4.152,4.892,5.649,6.245
0.108,1.001,1.801,2.595,3.404,4.184,4.880,5.675,6.274
0.122,0.970,1.752,2.635,3.388,4.185,4.949,5.608,6.357
0.072,0.955,1.808,2.575,3.382,4.163,4.969,5.716,6.251
0.073,0.886,1.817,2.576,3.420,4.178,4.900,5.657,6.256
0.081,0.969,1.805,2.618,3.433,4.168,4.979,5.608,6.277
0.108,0.869,1.803,2.596,3.398,4.144,4.889,5.619,6.273
0.115,0.893,1.724,2.630,3.398,4.248,4.926,5.622,6.300
0.024,0.882,1.865,2.609,3.356,4.265,4.919,5.686,6.312
0.016,0.912,1.827,2.585,3.361,4.190,4.950,5.612,6.296
0.114,0.992,1.698,2.603,3.492,4.215,4.926,5.677,6.326
0.058,0.959,1.777,2.648,3.462,4.140,4.882,5.685,6.309
0.132,0.966,1.693,2.563,3.379,4.156,4.920,5.611,6.349
0.086,0.908,1.786,2.643,3.331,4.220,4.936,5.652,6.298
0.083,0.914,1.801,2.580,3.365,4.173,4.912,5.653,6.314
0.120,0.909,1.803,2.629,3.435,4.160,4.919,5.600,6.243
0.036,0.889,1.822,2.583,3.337,4.203,4.962,5.669,6.295
0.101,0.886,1.706,2.688,3.374,4.213,4.952,5.617,6.388
0.131,0.933,1.796,2.630,3.468,4.213,4.959,5.681,6.296
0.067,0.969,1.833,2.670,3.428,4.187,4.925,5.669,6.321
0.119,0.941,1.786,2.619,3.385,4.218,4.911,5.602,6.307
0.136,1.020,1.823,2.610,3.430,4.136,4.966,5.660,6.295
0.122,0.860,1.754,2.628,3.409,4.221,5.013,5.662,6.307
0.090,0.944,1.851,2.621,3.447,4.219,4.911,5.611,6.255
0.081,0.943,1.797,2.571,3.452,4.169,4.958,5.663,6.324
0.169,0.910,1.846,2.621,3.395,4.216,4.912,5.649,6.341
0.066,0.899,1.816,2.626,3.378,4.138,5.002,5.584,6.311
0.107,0.933,1.794,2.643,3.329,4.214,4.998,5.660,6.342
0.088,0.868,1.773,2.563,3.438,4.169,4.956,5.613,6.273
0.110,0.918,1.751,2.569,3.457,4.202,4.913,5.627,6.316
0.105,0.892,1.700,2.686,3.372,4.172,4.961,5.618,6.283
0.043,1.001,1.801,2.557,3.408,4.181,4.922,5.649,6.342
0.044,0.940,1.798,2.609,3.411,4.193,4.932,5.689,6.346
0.078,0.891,1.834,2.620,3.313,4.200,4.909,5.650,6.335
0.140,0.950,1.793,2.599,3.494,4.226,4.941,5.722,6.239
0.090,0.932,1.868,2.553,3.392,4.236,4.852,5.659,6.332
0.055,0.904,1.722,2.589,3.468,4.209,4.960,5.637,6.298
0.031,0.951,1.788,2.642,3.374,4.229,5.001,5.650,6.252
0.115,0.879,1.763,2.618,3.417,4.135,4.914,5.650,6.299
0.056,0.908,1.740,2.575,3.343,4.196,4.938,5.605,6.329
0.137,1.029,1.801,2.568,3.339,4.197,4.904,5.713,6.274
0.168,0.923,1.831,2.636,3.435,4.181,4.839,5.720,6.274
0.090,0.882,1.793,2.570,3.455,4.185,4.932,5.632,6.297
0.105,0.912,1.832,2.605,3.416,4.188,4.952,5.591,6.278
0.062,0.950,1.725,2.569,3.406,4.133,4.941,5.618,6.248
0.072,0.997,1.789,2.604,3.439,4.194,4.977,5.683,6.381
0.171,0.971,1.826,2.631,3.373,4.170,4.963,5.662,6.317
0.081,0.963,1.714,2.618,3.370,4.193,5.005,5.679,6.396
0.114,0.949,1.774,2.564,3.478,4.208,4.920,5.596,6.377
0.112,0.908,1.748,2.565,3.431,4.245,4.924,5.643,6.362
0.160,0.987,1.784,2.634,3.431,4.095,4.943,5.612,6.341
0.119,0.975,1.858,2.567,3.382,4.168,4.920,5.694,6.255
0.120,0.946,1.750,2.571,3.446,4.225,4.942,5.573,6.317
0.099,0.944,1.787,2.659,3.395,4.202,4.941,5.698,6.318
0.141,0.999,1.735,2.641,3.397,4.165,4.959,5.657,6.328
0.006,0.898,1.831,2.550,3.418,4.166,5.010,5.572,6.359
0.149,0.903,1.835,2.610,3.436,4.292,5.023,5.660,6.352
0.150,0.936,1.706,2.650,3.389,4.189,4.932,5.601,6.285
0.137,0.936,1.761,2.561,3.384,4.227,4.973,5.670,6.374
0.061,0.907,1.807,2.700,3.442,4.100,4.943,5.731,6.330
0.085,0.963,1.792,2.637,3.388,4.093,4.976,5.619,6.302
0.125,0.905,1.779,2.635,3.405,4.222,4.929,5.702,6.305
0.036,0.895,1.816,2.641,3.314,4.174,4.985,5.650,6.316
0.106,0.941,1.742,2.543,3.475,4.185,4.961,5.654,6.300
0.083,0.981,1.795,2.668,3.357,4.163,4.892,5.697,6.311
0.097,0.987,1.791,2.603,3.393,4.181,4.931,5.672,6.356
0.110,1.011,1.746,2.677,3.419,4.174,4.925,5.648,6.305
0.161,0.954,1.840,2.549,3.418,4.166,4.904,5.634,6.359
0.170,0.935,1.721,2.618,3.392,4.193,4.960,5.674,6.268
0.067,0.940,1.760,2.637,3.415,4.141,4.945,5.628,6.307
0.167,0.933,1.815,2.627,3.419,4.200,4.943,5.606,6.322
0.051,1.057,1.755,2.605,3.435,4.239,4.948,5.653,6.299
0.139,0.960,1.734,2.679,3.382,4.212,4.893,5.601,6.241
0.008,0.935,1.843,2.566,3.431,4.132,4.948,5.611,6.378
-0.021,0.938,1.846,2.598,3.429,4.198,4.938,5.728,6.308
0.132,0.955,1.812,2.548,3.485,4.224,4.894,5.700,6.315
0.103,1.016,1.764,2.582,3.369,4.214,4.867,5.637,6.278
0.025,0.974,1.808,2.637,3.368,4.192,4.958,5.687,6.349
0.116,0.945,1.752,2.615,3.381,4.285,4.910,5.624,6.297
0.140,0.896,1.786,2.630,3.368,4.178,4.941,5.691,6.338
0.120,0.982,1.757,2.629,3.469,4.177,5.027,5.667,6.337
0.109,0.992,1.733,2.604,3.372,4.201,4.924,5.696,6.355
0.123,0.932,1.869,2.641,3.393,4.156,4.968,5.650,6.314
0.104,0.938,1.758,2.570,3.458,4.176,4.911,5.700,6.374
0.149,0.950,1.785,2.608,3.500,4.249,4.966,5.688,6.299
0.088,0.940,1.821,2.493,3.443,4.195,4.992,5.622,6.331
0.158,0.959,1.786,2.594,3.430,4.216,4.931,5.661,6.302
0.125,0.928,1.803,2.588,3.309,4.225,5.025,5.636,6.312
0.033,0.935,1.787,2.604,3.449,4.199,4.933,5.603,6.340
0.028,0.995,1.746,2.674,3.379,4.171,4.970,5.676,6.382
0.136,0.977,1.731,2.565,3.373,4.242,4.907,5.652,6.431
0.145,0.944,1.764,2.617,3.383,4.233,4.946,5.597,6.263
0.088,0.947,1.734,2.637,3.422,4.125,4.954,5.631,6.324
0.074,0.934,1.813,2.649,3.488,4.223,5.011,5.580,6.297
0.137,0.983,1.778,2.570,3.433,4.209,4.865,5.628,6.248
0.085,0.914,1.836,2.518,3.441,4.222,5.007,5.694,6.346
0.063,0.925,1.829,2.639,3.453,4.251,4.964,5.695,6.318
0.044,0.940,1.772,2.712,3.429,4.105,4.898,5.671,6.307
0.119,0.984,1.832,2.620,3.373,4.124,4.913,5.647,6.312
0.075,0.964,1.797,2.643,3.458,4.170,4.957,5.661,6.301
0.059,0.863,1.795,2.533,3.396,4.197,5.034,5.669,6.285
0.129,0.912,1.672,2.564,3.432,4.119,5.000,5.654,6.230
0.080,0.974,1.823,2.588,3.435,4.252,4.928,5.657,6.314
0.249,0.895,1.845,2.560,3.433,4.203,4.938,5.635,6.354
0.150,0.981,1.798,2.604,3.425,4.284,4.961,5.642,6.303
0.074,0.984,1.817,2.606,3.378,4.168,4.963,5.694,6.333
0.079,0.988,1.723,2.585,3.448,4.200,4.900,5.624,6.356
0.135,0.973,1.819,2.617,3.425,4.252,4.933,5.580,6.325
0.134,0.988,1.793,2.649,3.382,4.198,4.952,5.716,6.285
0.092,0.935,1.794,2.614,3.446,4.221,4.947,5.623,6.290
0.035,0.992,1.771,2.553,3.416,4.165,4.914,5.708,6.340
0.176,0.956,1.762,2.595,3.458,4.214,4.952,5.598,6.367
0.112,0.965,1.786,2.618,3.369,4.175,5.000,5.634,6.324
0.154,0.965,1.768,2.587,3.496,4.236,4.937,5.647,6.307
0.139,0.984,1.854,2.643,3.412,4.161,4.989,5.668,6.243
0.081,0.952,1.845,2.635,3.381,4.183,4.940,5.618,6.348
0.084,0.962,1.754,2.631,3.426,4.174,4.934,5.697,6.310
0.070,0.951,1.789,2.615,3.421,4.243,4.922,5.726,6.269
0.020,0.957,1.800,2.506,3.324,4.227,4.941,5.606,6.347
0.115,0.890,1.870,2.667,3.390,4.132,4.875,5.705,6.291
0.149,0.865,1.726,2.572,3.400,4.227,4.914,5.694,6.256
0.072,0.974,1.801,2.624,3.483,4.166,4.949,5.653,6.361
0.089,0.939,1.802,2.659,3.466,4.219,4.937,5.641,6.269
0.084,0.929,1.710,2.566,3.510,4.164,4.960,5.662,6.320
0.065,1.007,1.823,2.584,3.386,4.240,4.872,5.640,6.278
0.077,0.979,1.746,2.602,3.432,4.212,4.989,5.730,6.291
0.137,0.892,1.812,2.614,3.428,4.190,4.914,5.605,6.319
0.162,1.015,1.765,2.560,3.364,4.175,4.925,5.639,6.268
0.133,0.985,1.793,2.546,3.426,4.190,4.922,5.673,6.275
0.065,0.964,1.733,2.610,3.392,4.186,4.976,5.669,6.362
0.045,0.930,1.766,2.686,3.442,4.262,4.978,5.682,6.318
0.100,1.029,1.815,2.618,3.422,4.162,4.906,5.671,6.277
0.108,0.876,1.781,2.626,3.422,4.286,4.981,5.704,6.253
0.122,1.023,1.809,2.683,3.424,4.140,5.003,5.659,6.260
0.095,0.950,1.769,2.637,3.431,4.178,4.974,5.642,6.359
0.137,0.938,1.812,2.580,3.394,4.182,4.983,5.662,6.316
0.078,0.949,1.736,2.635,3.405,4.150,4.940,5.616,6.306
0.036,0.954,1.768,2.628,3.363,4.206,4.955,5.661,6.321
0.148,0.977,1.824,2.641,3.447,4.197,4.950,5.702,6.262
0.174,0.940,1.805,2.624,3.415,4.247,4.897,5.704,6.309
0.153,0.903,1.795,2.585,3.416,4.208,4.968,5.637,6.388
0.121,0.947,1.730,2.647,3.370,4.165,4.963,5.723,6.262
0.108,0.967,1.687,2.678,3.447,4.204,4.960,5.694,6.325
0.157,0.966,1.776,2.593,3.550,4.184,4.959,5.661,6.361
0.087,0.931,1.780,2.553,3.446,4.237,4.938,5.667,6.304
0.123,1.041,1.832,2.623,3.412,4.147,4.946,5.666,6.303
0.057,0.878,1.784,2.661,3.456,4.179,4.899,5.566,6.303
0.078,0.993,1.832,2.576,3.420,4.229,4.901,5.650,6.355
0.164,0.984,1.849,2.632,3.400,4.218,4.979,5.740,6.260
0.105,0.983,1.823,2.624,3.509,4.199,4.984,5.637,6.284
0.149,0.966,1.727,2.579,3.407,4.175,5.003,5.661,6.340
0.155,1.000,1.807,2.657,3.388,4.163,4.936,5.681,6.354
0.076,0.909,1.786,2.685,3.500,4.172,4.977,5.683,6.370
0.070,0.938,1.732,2.581,3.401,4.210,5.003,5.614,6.340
0.146,0.979,1.862,2.654,3.416,4.191,4.988,5.627,6.278
0.087,0.926,1.747,2.658,3.459,4.202,4.969,5.592,6.320
0.103,0.997,1.771,2.618,3.398,4.206,4.922,5.666,6.312
0.102,0.928,1.801,2.636,3.418,4.225,4.938,5.665,6.374
0.094,1.017,1.750,2.584,3.389,4.155,4.906,5.720,6.256
0.092,1.011,1.784,2.571,3.331,4.231,4.965,5.660,6.363
0.171,0.958,1.792,2.648,3.396,4.197,4.927,5.682,6.331
0.101,0.943,1.777,2.648,3.459,4.220,4.994,5.655,6.313
0.156,0.916,1.829,2.629,3.477,4.204,4.924,5.590,6.320
0.114,0.943,1.784,2.613,3.425,4.209,4.971,5.654,6.254
0.076,0.978,1.838,2.616,3.466,4.196,4.939,5.618,6.385
0.077,0.889,1.765,2.684,3.389,4.177,4.964,5.632,6.334
0.208,0.897,1.758,2.588,3.407,4.254,4.974,5.704,6.309
0.193,1.011,1.818,2.628,3.346,4.243,4.944,5.666,6.301
0.132,0.988,1.831,2.640,3.412,4.294,4.963,5.693,6.310
0.070,0.942,1.796,2.652,3.474,4.161,4.907,5.561,6.307
0.125,0.911,1.775,2.669,3.364,4.193,4.981,5.623,6.321
0.097,0.954,1.814,2.709,3.482,4.214,5.042,5.610,6.323
0.099,0.857,1.843,2.678,3.408,4.250,4.958,5.601,6.346
0.170,0.924,1.779,2.635,3.469,4.121,4.925,5.737,6.262
0.121,0.994,1.724,2.678,3.441,4.139,4.939,5.725,6.341
0.110,0.963,1.810,2.645,3.460,4.155,4.976,5.660,6.348
0.104,0.918,1.875,2.631,3.459,4.160,4.918,5.606,6.308
0.104,0.955,1.821,2.673,3.443,4.268,4.963,5.655,6.313
0.143,0.951,1.850,2.625,3.434,4.151,5.011,5.663,6.375
0.123,1.036,1.794,2.592,3.455,4.256,4.925,5.634,6.302
0.088,0.905,1.783,2.601,3.483,4.175,4.994,5.628,6.356
0.068,1.013,1.905,2.571,3.463,4.221,4.922,5.587,6.372
0.149,1.053,1.764,2.622,3.438,4.214,4.891,5.667,6.342
0.122,1.023,1.835,2.669,3.423,4.203,4.980,5.642,6.351
0.142,0.921,1.799,2.603,3.443,4.249,4.985,5.682,6.318
0.140,0.922,1.792,2.593,3.397,4.158,5.023,5.669,6.347
0.154,0.920,1.779,2.600,3.405,4.197,4.951,5.660,6.275
0.092,0.913,1.769,2.672,3.441,4.201,4.955,5.676,6.319
0.082,1.013,1.862,2.610,3.489,4.146,4.939,5.640,6.335
0.175,1.025,1.781,2.680,3.413,4.177,4.932,5.613,6.366
0.126,0.943,1.843,2.710,3.401,4.198,4.914,5.694,6.387
0.144,0.906,1.845,2.573,3.371,4.245,5.023,5.656,6.301
0.175,0.998,1.836,2.634,3.452,4.157,4.905,5.713,6.305
0.087,0.974,1.797,2.664,3.420,4.182,4.939,5.621,6.308
0.180,0.949,1.796,2.679,3.443,4.224,4.913,5.604,6.349
0.115,0.922,1.838,2.618,3.348,4.226,4.987,5.662,6.351
0.112,0.935,1.803,2.614,3.406,4.232,4.949,5.613,6.287
0.080,0.995,1.821,2.619,3.353,4.178,4.927,5.685,6.300
0.118,1.027,1.801,2.609,3.419,4.244,4.940,5.652,6.370
0.087,0.971,1.757,2.632,3.378,4.212,4.925,5.725,6.369
0.128,0.894,1.766,2.611,3.442,4.184,4.952,5.654,6.344
0.145,0.923,1.825,2.637,3.409,4.217,4.894,5.597,6.351
0.126,0.943,1.796,2.659,3.410,4.225,4.977,5.676,6.293
0.111,0.960,1.798,2.682,3.415,4.193,4.933,5.710,6.277
0.088,0.915,1.800,2.590,3.505,4.180,4.967,5.657,6.275
0.177,0.994,1.805,2.598,3.441,4.363,4.938,5.715,6.289
0.103,0.902,1.834,2.635,3.427,4.247,4.956,5.730,6.235
0.096,0.953,1.787,2.532,3.427,4.191,4.957,5.645,6.327
0.192,1.021,1.843,2.637,3.434,4.219,4.949,5.741,6.302
0.126,0.955,1.716,2.639,3.443,4.186,4.944,5.633,6.395
0.188,0.968,1.736,2.645,3.373,4.207,4.949,5.741,6.277
0.183,0.938,1.861,2.675,3.482,4.302,4.966,5.654,6.368
0.153,0.938,1.779,2.589,3.400,4.171,4.934,5.593,6.326
0.109,0.986,1.811,2.687,3.463,4.254,4.929,5.628,6.291
0.111,0.983,1.742,2.628,3.386,4.231,4.916,5.645,6.319
0.046,0.966,1.816,2.634,3.460,4.167,4.991,5.640,6.338
0.076,0.999,1.869,2.617,3.440,4.192,4.953,5.618,6.339
0.190,0.932,1.816,2.714,3.474,4.168,4.994,5.690,6.292
0.111,0.948,1.775,2.608,3.400,4.272,4.990,5.672,6.318
0.099,0.984,1.727,2.601,3.452,4.166,4.961,5.604,6.346
0.148,1.001,1.839,2.702,3.444,4.128,4.875,5.672,6.223
0.115,0.947,1.789,2.606,3.415,4.193,4.923,5.687,6.384
0.200,0.976,1.867,2.562,3.404,4.235,4.981,5.607,6.321
0.108,0.977,1.840,2.584,3.452,4.223,4.990,5.711,6.320
0.143,0.873,1.762,2.528,3.498,4.286,4.898,5.636,6.252
0.143,0.973,1.744,2.650,3.390,4.289,4.973,5.648,6.371
0.176,0.944,1.799,2.646,3.429,4.210,4.929,5.713,6.340
0.100,1.002,1.810,2.656,3.397,4.218,4.936,5.682,6.324
0.123,1.023,1.835,2.701,3.421,4.220,4.933,5.649,6.348
0.159,0.926,1.812,2.629,3.469,4.236,4.936,5.688,6.337
0.154,0.990,1.882,2.634,3.436,4.245,5.005,5.628,6.299
0.084,0.971,1.822,2.584,3.459,4.211,5.000,5.652,6.306
0.095,0.972,1.824,2.659,3.436,4.213,4.953,5.670,6.404
0.050,0.964,1.809,2.696,3.437,4.172,4.957,5.668,6.329
0.151,0.962,1.782,2.630,3.460,4.179,4.951,5.613,6.354
0.094,0.994,1.862,2.624,3.451,4.155,4.999,5.606,6.317
0.149,0.962,1.830,2.611,3.438,4.244,4.976,5.707,6.325
0.110,1.010,1.792,2.589,3.375,4.118,4.984,5.619,6.342
0.142,0.905,1.879,2.659,3.432,4.230,4.933,5.670,6.335
0.140,1.031,1.784,2.636,3.448,4.299,4.944,5.697,6.385
0.168,0.976,1.818,2.649,3.492,4.179,4.927,5.644,6.255
0.125,0.984,1.832,2.600,3.377,4.205,4.959,5.682,6.276
0.218,0.903,1.814,2.652,3.451,4.199,4.965,5.700,6.305
0.079,0.943,1.809,2.664,3.381,4.221,4.948,5.608,6.340
0.176,0.939,1.761,2.675,3.482,4.153,4.929,5.683,6.289
0.107,0.907,1.732,2.632,3.446,4.273,4.868,5.659,6.341
0.212,0.882,1.795,2.646,3.398,4.232,4.943,5.646,6.329
0.103,0.982,1.737,2.691,3.500,4.213,4.982,5.697,6.255
0.084,1.057,1.799,2.568,3.458,4.249,4.923,5.667,6.311
0.158,0.974,1.846,2.603,3.386,4.183,5.018,5.636,6.380
0.167,1.011,1.800,2.667,3.428,4.240,4.939,5.712,6.315
0.074,0.906,1.786,2.584,3.461,4.344,4.972,5.667,6.250
0.092,1.027,1.835,2.611,3.413,4.215,5.013,5.692,6.367
0.101,0.910,1.780,2.614,3.483,4.191,4.983,5.696,6.336
0.136,0.942,1.863,2.582,3.457,4.272,5.000,5.631,6.356
0.068,0.928,1.755,2.655,3.421,4.201,5.000,5.662,6.357
0.134,0.977,1.730,2.588,3.416,4.260,4.947,5.711,6.322
0.146,0.975,1.814,2.598,3.400,4.185,4.928,5.695,6.295
0.173,0.935,1.851,2.669,3.434,4.197,4.926,5.700,6.354
0.068,1.009,1.804,2.624,3.391,4.254,4.985,5.679,6.413
0.076,0.977,1.710,2.597,3.478,4.227,4.905,5.687,6.354
0.163,0.989,1.840,2.583,3.432,4.240,5.033,5.663,6.323
0.132,0.939,1.804,2.589,3.487,4.232,4.973,5.741,6.337
0.065,0.959,1.847,2.684,3.406,4.191,4.970,5.648,6.380
0.121,0.959,1.869,2.683,3.448,4.209,5.038,5.703,6.249
0.141,0.947,1.790,2.578,3.436,4.242,4.931,5.644,6.391
0.258,0.941,1.776,2.573,3.421,4.209,4.914,5.605,6.355
0.075,1.030,1.837,2.707,3.500,4.257,4.986,5.616,6.353
0.071,1.004,1.826,2.640,3.473,4.236,5.000,5.742,6.374
0.058,0.979,1.811,2.627,3.448,4.231,4.958,5.710,6.298
0.116,0.978,1.815,2.530,3.426,4.277,5.033,5.715,6.341
0.152,0.963,1.838,2.644,3.403,4.215,4.860,5.628,6.311
0.089,0.968,1.813,2.688,3.449,4.198,4.956,5.665,6.255
0.192,0.959,1.852,2.697,3.454,4.242,4.963,5.672,6.346
0.142,0.974,1.799,2.668,3.458,4.255,5.011,5.741,6.309
0.136,0.968,1.829,2.611,3.418,4.170,4.974,5.697,6.396
0.128,0.975,1.803,2.582,3.456,4.276,5.024,5.650,6.302
0.118,0.933,1.892,2.697,3.470,4.225,4.962,5.701,6.398
0.120,0.905,1.815,2.635,3.473,4.192,4.954,5.690,6.341
0.143,0.989,1.787,2.563,3.389,4.255,4.965,5.680,6.368
0.166,0.891,1.782,2.626,3.375,4.184,4.997,5.725,6.351
0.073,0.963,1.835,2.670,3.464,4.209,4.990,5.679,6.341
0.138,0.931,1.811,2.590,3.399,4.229,4.959,5.681,6.325
0.165,0.984,1.810,2.613,3.466,4.260,4.969,5.765,6.298
0.088,0.975,1.743,2.692,3.453,4.204,4.947,5.603,6.313
0.191,0.947,1.824,2.634,3.433,4.144,4.947,5.603,6.310
0.141,0.966,1.846,2.550,3.466,4.224,4.923,5.605,6.369
0.086,1.037,1.721,2.598,3.427,4.213,4.976,5.651,6.351
0.114,0.985,1.815,2.626,3.472,4.173,4.918,5.660,6.304
0.126,0.985,1.749,2.648,3.386,4.207,4.939,5.632,6.286
0.107,0.959,1.788,2.651,3.486,4.248,5.034,5.673,6.327
0.049,1.008,1.833,2.667,3.448,4.244,4.962,5.702,6.348
0.121,0.952,1.741,2.594,3.398,4.196,4.941,5.656,6.366
0.121,0.949,1.797,2.591,3.450,4.223,5.022,5.628,6.377
0.141,0.970,1.882,2.589,3.390,4.181,4.948,5.714,6.391
0.179,0.941,1.815,2.594,3.425,4.243,4.939,5.611,6.351
0.145,0.950,1.794,2.676,3.419,4.206,4.949,5.650,6.357
0.178,0.944,1.812,2.694,3.525,4.189,4.978,5.667,6.326
0.145,1.008,1.882,2.541,3.385,4.232,4.942,5.641,6.322
0.113,0.984,1.828,2.588,3.468,4.266,5.027,5.672,6.323
0.120,0.958,1.829,2.671,3.398,4.223,4.989,5.691,6.329
0.079,0.966,1.756,2.672,3.449,4.288,4.990,5.616,6.335
0.115,0.978,1.833,2.600,3.435,4.271,5.061,5.706,6.279
0.160,0.963,1.756,2.639,3.438,4.213,4.958,5.667,6.311
0.136,0.973,1.840,2.595,3.425,4.158,4.956,5.734,6.390
0.114,0.947,1.757,2.651,3.432,4.182,4.969,5.624,6.332
0.077,1.036,1.764,2.712,3.450,4.290,4.984,5.644,6.408
0.113,1.048,1.847,2.716,3.412,4.242,4.907,5.643,6.357
0.154,0.930,1.796,2.659,3.379,4.274,4.963,5.634,6.363
0.111,0.978,1.793,2.632,3.444,4.234,4.924,5.655,6.311
0.134,0.998,1.877,2.590,3.488,4.237,4.962,5.648,6.353
0.102,0.930,1.862,2.658,3.457,4.178,4.954,5.613,6.376
0.199,0.957,1.801,2.632,3.489,4.214,4.981,5.665,6.309
0.112,1.025,1.796,2.667,3.435,4.254,4.981,5.628,6.353
0.112,1.017,1.819,2.637,3.521,4.152,4.975,5.601,6.318
0.133,0.982,1.780,2.676,3.466,4.250,4.967,5.650,6.338
